Element count was set to default(20).
Function type was set to default(linear).
u(2) = -19.8899
u(2.3) = -17.296
u(2.6) = -15.3688
u(2.9) = -13.9322
u(3.2) = -12.8548
u(3.5) = -12.0382
u(3.8) = -11.4079
u(4.1) = -10.9063
u(4.4) = -10.4874
u(4.7) = -10.1131
u(5) = -9.74907
u(5.3) = -9.36214
u(5.6) = -8.91693
u(5.9) = -8.37277
u(6.2) = -7.67992
u(6.5) = -6.77508
u(6.8) = -5.57559
u(7.1) = -3.97183
u(7.4) = -1.81727
u(7.7) = 1.08495
u(8) = 5

Max error: 0.0356133

